20
20
0000000000000000000000000000000000000000000111111111111111100004444440333000221000044444403330002210000444444000000022100004444440000000221000044444400000002210000444444000000022100004444440000000221000044444400000002210000444444000000022100000000000000000221000000000000000002210000000000000000022100000000000000000221000000000000000002210000000000000000022100000000000000000000000000000000000000000
0000000000000000000000357867696789673553002.07333333333331.13666666666672.198.163.135.07666666666673.033333333333334334444112366.14666666666678.426.50666666666676.42666666666676.34666666666676.226.066666666666768810198.010.0127401.223.55666666666673.62333333333330.523333333333330.423333333333337.25333333333336.066666666666767776666.016.0174003.223.55666666666673.62333333333333.52333333333333.42333333333333.25333333333333.066666666666733333343.014.0154432.220.556666666666671.62333333333333.52333333333336.42333333333336.25333333333330.06666666666666714666666.018.0187676.220.556666666666674.62333333333332.52333333333336.42333333333330.253333333333335.066666666666706666666.016.0166770.224.55666666666672.62333333333336.52333333333336.42333333333336.25333333333336.066666666666766666676.012.0134666.226.55666666666676.62333333333336.52333333333336.42333333333336.25333333333336.066666666666767602260.012.0167666.226.55666666666676.62333333333336.52333333333336.42333333333336.25333333333336.0666666666667787820198.0121100.146666666666670.421.43333333333332.36333333333336.29333333333333.17666666666670.03333333333333310223055.017.0176666.07333333333336.13666666666676.11666666666676.09666666666676.07666666666677.0333333333333406233333.014.013333300523333333333.013.014104233333333333370.013.016333333333336006666.016.016666667667766660016.010.011183003022305566666.016.016666730623333333333440523333333333330423333333333330253333333333330066666666666733333333001300145432022105566666666667106233333333333305233333333333604233333333333602533333333333000666666666666671466666600160017667602200556666666666674062333333333332052333333333336042333333333330025333333333333500666666666667066666660017001777700224055666666666672062333333333336052333333333336042333333333336025333333333336006666666666676666667600120013466602260556666666666760623333333333360523333333333360423333333333360253333333333360066666666666767602260001100177666022605566666666667606233333333333605233333333333604230980696996969999999999999999999999999999999999999999999699999999999999999999999999999999999999999999666
-8.6
0.7
10
-9
0
0
0
0
0
0
0
0
0
0
0
0
0
0
0
0
0
0
0
0
0
0
0
0
0
0
0
0
0
0
0
0
0
0
0
0
0
0
0
0
0
0
0
0
0
0
0
0
0
0
0
0
0
0
40
60
80
100
120
140
120
120
120
120
120
120
120
120
100
80
60
40
20
0
40
60
80
100
120
140
120
120
120
120
120
120
120
120
100
80
60
40
20
0
40
60
80
100
120
140
120
120
120
120
120
120
120
120
100
80
60
40
20
0
40
60
80
100
120
140
120
120
120
120
120
120
120
120
100
80
60
40
20
0
40
60
80
100
120
140
120
120
120
120
120
120
120
120
100
80
60
40
20
0
40
60
80
100
120
140
120
120
120
120
120
120
120
120
100
80
60
40
20
0
40
60
80
100
120
140
120
120
120
120
120
120
120
120
100
80
60
40
20
0
40
60
80
100
120
140
120
120
120
120
120
120
120
120
100
80
60
40
20
0
40
60
80
100
120
140
120
120
120
120
120
120
120
120
100
80
60
40
20
0
0
0
0
0
0
0
0
0
0
0
0
0
0
0
0
0
0
0
0
0
0
0
0
0
0
0
0
0
0
0
0
0
0
0
0
0
0
0
0
0
0
0
0
0
0
0
0
0
0
0
0
0
0
0
0
0
0
0
0
0
0
0
0
0
0
0
0
0
0
0
0
0
0
0
0
0
0
0
0
0
0
0
0
0
0
0
0
0
0
0
0
0
0
0
0
0
0
0
0
0
0
0
0
0
0
0
0
0
0
0
0
0
0
0
0
0
0
0
0
0
0
0
0
0
0
0
0
0
0
0
0
0
0
0
0
0
0
0
0
0
0
0
0
0
0
0
0
0
0
0
0
0
0
0
0
0
0
0
0
0
0
0
0
0
0
0
0
0
0
0
